rsid	chromosome	position_hg19
rs3737576	1	101244007	0.44
rs7554936	1	151150013	0.39
rs2814778	1	159204893	0.82
rs798443	2	7828144	0.34
rs1876482	2	17181301	0.75
rs1834619	2	17720218	0.5
rs3827760	2	108897145	0.71
rs260690	2	108963282	0.49
rs6754311	2	135950412	0.41
  rs10497191	2	157810705	0.54
rs12498138	3	121740742	0.48
rs4833103	4	38813881	0.37
rs1229984	4	99318162	0.43
rs3811801	4	99323162	0.45
rs7657799	4	104454266	0.44
rs16891982	5	33951588	0.69
rs7722456	5	170775980	0.2
rs870347	5	6844922	0.35
rs3823159	6	136161589	0.5
rs192655	6	89808559	0.21
rs917115	7	28132967	0.35
rs1462906	8	32039076	0.54
rs6990312	8	109590088	0.34
rs2196051	8	121112062	0.43
rs1871534	8	144414297	0.48
rs3814134	9	124505410	0.47
rs4918664	10	93161308	0.53
rs174570	11	61829740	0.51
rs1079597	11	113425564	0.16
rs2238151	12	111774029	0.36
rs671	12	111803962	0.22
rs7997709	13	34273600	0.37
rs1572018	13	41141146	0.41
rs2166624	13	42005849	0.3
rs7326934	13	48496376	0.54
rs9522149	13	111174820	0.44
rs200354	14	98908984	0.32
rs1800414	15	27951891	0.57
rs12913832	15	28120472	0.52
rs12439433	15	35927834	0.39
rs735480	15	44860173	0.39
rs1426654	15	48134287	0.73
rs459920	16	89664419	0.24
rs4411548	17	42506515	0.14
rs2593595	17	42904228	0.47
rs17642714	17	50648771	0.18
rs4471745	17	55491523	0.27
rs11652805	17	64991033	0.39
rs2042762	18	37697659	0.43
rs7226659	18	42908314	0.4
rs3916235	18	69911695	0.63
rs4891825	18	70200427	0.53
rs7251928	19	4077098	0.47
rs310644	20	63528151	0.58
rs2024566 	22	41301334	0.31